global plot_contour;
global contourlimits;
global contour_scale;
global contour_line_style;
global contour_colormap_type;

plot_contour = true;
contourlimits = [11 18];
contour_scale = [11 11.5 12 12.5 13 13.5 14 14.5 15 15.5 16 16.5 17 17.5 18];
contour_line_style = 'none';
contour_colormap_type = 'bone';

%v=[13 13.5 14 14.5 15 15.5 16 16.5 17 17.5 18];
%v=[14 14.25 14.5 14.75 15 15.25 15.5 15.75 16];
%v=[0 1 2 3 4 5 6 7 8 9 10];
%v=[0 0.1 0.2 0.3 0.4 0.5 0.6 0.7 0.8 0.9 1];
%v=[9 9.5 10 10.5 11 11.5 12 12.5 13];
%v=[0 1 5 10 20 30 32 34 38];
%v=[0.4 0.5 0.6 0.7 0.8 0.9 1. 1.1 1.2 1.3 1.4 1.5 2.];
%v=[0 2 5 10 100];
%v=[-5 -4 -3 -2 -1 0 1 2 3 4 5];
%var=var*100;
%v=[0 0.00001 0.00005 0.0001 0.0005 0.001 0.005 0.01 0.025 0.05 0.1];
%v=[0 0.001 0.01 .1 .25 0.5 1];